  1 142 145
  2 153 146
  3 164 156
  4 161 152
  5  64 162
  6 145 156
  7 164 152
  8 161 162
  9 164 156
 10 155 142
 11 155 152
 12 164 142
 13 142 156
 14 142  12
 15 150 142
 16 162  12
 17 164 145
 18 155 162
 19 164 142
 20 156 152
 21 156 152
 22 142 161
 23 156 151
 24 164 142
 25 164 156
 26 164 151
 27 164 167
 28 164 142
 29 142 156
 30 151 162
 31 161 164
 32 142 156
 33 157 142
 34 153  12
 35 144 164
 36 164 142
 37 152 164
 39 151 164
 40  65 142
 42 166 155
 44 162 153
 45 151 142
 46 156 154
 47 157 147
 48 151 153
 49 156 155
 50 162 164
 51 133 153
 52 156 163
 53 142 156
 55 160 154
 56 164 142
 57 156 163
 58 156  12
 59 164 142
 60 164 156
 61 142  12
 62 164 163
 63 156 142
 64 163  12
 65 141 163
 66 155 156
 67 156 142
 68  70 160
 69 142 153
 70 164 156
 72 156  12
 73 160 164
 74 164 156
 75 153 156
 76 152 163
 77 166  12
 79 142  12
 80 156 142
 81 155 163
 82 150 164
 83 162 164
 84 164 157
 86  47 156
 87 150 164
 88 152 157
 89 144 151
 90 162 156
 91 163 141
 93 156 153
 94 152 154
 95 152 156
 96  62 153
 97 142 156
 98 142 166
 99 142 163
100 156 152
101 152 144
102 152 146
103 166 156
104 156 166
105 151 145
106 156 162
107 156  75
108 142 147
109 156 157
110  63  64
112 166  65
113 161  64
114 164  65
115 156  60
116 163  70
117 152  70
118 151  63
119 163  64
120 156  60
121 156  65
122 134  62
123 164  63
124 162  55
125 156  65
126 151  70
127 145 165
128 147  12
129 142  62
130 157  63
131 142  64
132 142  65
133 144  70
134 152  63
135 156 133
136 142  62
137 153  66
138 152  65
139 164  66
140 164  60
141 164  62
142 151  67
143 142  64
144 155  71
145 142 160
146 163  65
147 142  67
148 142  66
149 152  65
150 164  12
151 150  62
152 162  67
154 164  12
155 151  62
156 156  66
157 142  65
158 166  62
159 142 147
160 146 156
161 156 153
162 146 156
163 164 166
164 145 152
165 152 164
166 144 142
167  64 167
168 150 152
170 156 166
171 156  47
172 152 164
173 161 152
174 147 142
175 152 166
176 160 164
177 142  12
178 156 151
179 156  62
180  67  63
181  65  71
182 152  64
183 153 164
184 151  71
185 164  70
186 151  63
187  62  64
189 156  70
190 165  63
191 153 164
192 161  60
193 151 164
194 153  67
195 151 164
196 144  70
197 142  63
198 142 164
199 152  64
200 163  70
201 145  71
202 157  64
203 153 164
204 152 165
205  62 151
206 152 150
207 165 167
208 157 142
209 156  12
210 152 145
211 155  64
212 151 164
213 152  63
214 156  70
215 156  60
216  71 164
217 156  67
218 167  60
219 162 164
220 155  71
221 145  67
222 165  63
223 156  60
224 165 164
225 162  71
226 146  64
227 161  12
228 152  12
229 164 161
230  60 145
232 162 152
234 153 162
235 163 152
236 162 142
237 142 164
239 142 157
240 156 142
241 141 152
242 142 157
243 145 151
244 156 142
245 142 152
246  63 151
247 156 157
248  62 142
249 157 152
250 157 151
251 155 142
252 142 164
253 156 142
254 156 152
255 142 151
256 156 142
257 142 152
258 156 151
259 146 142
260 153 152
261 171 151
263 164 142
264 153 157
265 157 144
266 156 152
267 153 152
268 166  12
269 151 157
270 142 164
271 142 167
272 162  12
273 166 164
274 154  12
276 142 152
277 147 142
278 142 164
279 142  12
280 156 160
282 156 142
283 157 164
284 153  12
285 157 152
287 156 164
288 142 145
289  55 152
290 142 156
291 162 146
292 153 145
294 152 162
295 153 142
296 150 166
297 142 156
298 142 162
299 142 152
300 156 145
303 162 152
304 147 162
305 162 156
306 157 142
307 156 152
308 142 162
309 167 142
310 152 156
311 157 152
312 152 162
313 157 142
314  64 156
315 153 152
316 164 142
317 152 156
318  64 152
319 142 156
320 156 142
321 163 152
322 157 156
323 155 142
324 155 152
326 145 142
327 146 152
328  66 156
329 151 152
330 156 162
331 164 156
332 150 142
333  71 152
334 151 164
335 153 150
336 164 162
337 156 142
338 161 150
339 164 144
341 167 153
342 135 152
343 164 166
344 164  73
345 156 155
346 164 153
347  65 145
349 152 156
350 151 160
352 165 155
353 157 164
354 164 150
355 142 165
357 157 164
358 142 152
360 157 142
361 156 152
362 161 164
363 154 142
366 167 156
367 164 142
368 164 152
370 142 152
371 166 142
372 166 164
373 160 142
374 155 156
375 142 164
376 162 152
377 153 142
378 166 156
379 164 152
380 152 142
381 153 142
382 156  12
383 162 142
384 156 164
385 155 156
386 152 142
387  64 152
388 153 164
389 162 142
391 142 164
392 151 152
393  63 142
394 152 156
395 162 164
396 142 152
397 153 142
398 152 156
399 165 164
400 156 142
401 142  12
402 156  12
403 156  54
404 163 155
405 156 142
406 156 153
408 164 162
409 142 155
410 167 142
411 164 153
412 142 155
413 155 142
414 167 153
416 153 155
417 142 153
418 165 142
419 156 153
420  70 142
421 142 155
422 162 164
423 167 144
424 156 163
425 162 155
426  63 153
427 164 154
428 142 155
429 151 142
430 142 164
432 151 164
433 144 155
434 164 163
435 163 153
436 146 155
437 156 164
438 156 164
439 160  12
440 151 164
441 167  12
442  70 164
443 162 164
444 163  12
445 156 164
446 167  12
447 150 164
448 152 156
450 152 151
452 142 153
453 165 156
454 142 164
455 164 151
456 153 156
457 164 167
458 156  47
460 163 153
461 150 162
462  65 142
464 142 152
465 164 142
466 163 153
467 151 156
468 152 164
469 162 152
470 153 142
471 155 156
472 151 153
473 151 142
474 157 145
475 166 133
476 157 160
477 151 161
478 151  62
479 152 134
480 142 147
481  64 160
482 151  64
483 153 147
484 162 153
485 164  64
486 142 160
487 151  63
489 165 152
490 142  63
492 160 157
493 142  12
494 162  65
495 164 142
496 164 157
497 155 142
498 164 155
499 142 156
500 147 155
501 164 167
502 157 153
503 164 156
504 164 153
505 156 153
506 164  40
507 151 153
508 155 142
509 164 153
512 164 142
513 153 155
514 153 164
515 151 153
517  65 155
518 145 164
519 160 142
520 156 153
521 166 142
522 152 153
523 153 142
524 156 164
525 156 142
526 152 153
527 151 142
529 142 153
530  60 162
531 160 167
532 164 156
533 156 164
534 142 152
535 142 164
536 163 162
537 142 156
538  64 142
539 166 152
540 161 164
541 163 152
542 152 145
543  66 156
544 164 166
545 164 152
546 167 162
547 164 156
548 153 166
549 156 152
550 163 162
551 152 145
552 167 162
553 164 145
555 156 152
556  63 156
557  67 162
558 145 142
559 156  12
560 153 142
561 152 164
562 151 142
564 157  12
565 153 164
566 151 156
568 142 156
570 166  12
571 153 164
573 161 164
574 151 156
575 152 157
576  63 152
577 142 156
578 152  12
579 166 157
580 153 156
581 164 152
582 142 157
583 142 156
584 142 152
585 161 157
586 157 171
587 165 153
588 142 156
589  62 153
590 142 150
591 142 171
592 142 150
593 160 153
594 156  12
595 156 150
597 153 150
598 163  12
599 166 153
600 153 150
601 151  12
602 164 150
603 156 153
604 155  12
605 152 157
606 156 150
607 135 153
608 142 157
609 167 150
610 166 153
611 156 157
612 164 171
613 164 150
614 164 153
615  40 157
616 164 150
617 164 153
618 160 162
619 151 160
620  65 156
621 142 167
622 142 156
623 142 153
625  67 156
626 152 147
627 157 152
628 151 142
629 142 156
630 152 167
631 156 144
632  60 146
633 156 151
634 142 151
635 153 156
637 151 164
638 152 156
639 156 142
640 155 156
641 145 142
642 157 151
643 161 151
644 150 142
645 152 156
646 153 142
647 142 151
648 152 142
649 163 156
650 133 164
651  70 151
653  71 156
654 162 164
655 160 151
656  64 142
657 162 151
658 156 142
659 152 156
660 164 142
662 156 151
663 142 156
664 162 164
665 156 142
666 156 151
668 153 164
669 142 156
671 165 151
672 161 156
673  63 142
674 156 164
675 142 156
676  60 151
677 133 142
678 152 164
679 151 164
680 167 156
681 142 151
682  62 156
683  65 151
684 142 164
685  66 142
686 166  12
687 156 164
688  70 156
689 142 164
690  64 151
691 156 142
692 142 164
693 163 156
694 162 156
695 150 142
696 164 157
697 154 162
698 155 151
699 163 151
700 151 164
701 166 156
702 152  12
703 142 145
704 162 155
706  62 153
707 142 162
708 152 155
709 165 166
710 162 153
711 156 162
712 156 155
713 155 166
715 164 166
717 150 153
718 133 166
719 156 153
720 157 166
721  63 153
722 161 166
723 142 155
724 155 153
725  70 166
726  60 162
727 162 153
728 156 166
729  70 153
730 164 166
731 164 155
732  54 166
733 153  12
734 156 166
735  47 155
736 164  12
737 164 166
738 153 162
739 151 155
740  73 166
741 164 162
742 161 153
743 151 166
744 152 155
745 156 162
746 151 166
747  63 155
748 150 166
749 142 153
750 151 166
751  60 162
752 156 153
753 153  12
754 153 141
755  64 163
756 151 156
757 156 155
758 142 166
759 157 153
760 152 160
762 153 145
763 156 142
765 156 162
767 161 153
769 152 156
770 156 162
771  65 164
772 150 152
773 153 142
774 160 156
775 142 162
776 156 164
777 163 152
778 162 142
779 166 156
780 156 164
781 156 142
782  65 156
783 151 162
784 156 157
786 151 164
787 142 157
788 164 142
789 153 156
790 156 162
791 164 156
792 167 142
793 153 164
794 167 142
795 152 142
796 162  12
797 151 164
798 156 162
799 164 142
800 142 156
802 157 164
803 164  12
804  62 162
805  60 142
806 150 156
807 151 164
810 156 162
811 145 164
812 157 156
814 160 164
815 163  12
816 142 151
817 156 160
818 166 142
819 164 156
820 164 162
821 164 142
822 164  12
823 152 160
824 153 151
825 150 164
826 157 142
827 153 162
828 156 151
829 164 142
830 164 156
831 153 151
833  70 156
834 162 157
835  65 142
836 162 156
837 146 167
838  71 157
839 157 151
840 142 156
841 156 151
842  64 165
843 156 162
844 152 164
845 153 142
846 163 167
847  71 165
848 142 164
849  66 142
850 142 162
851 156 165
852 156 151
853  62 164
854 151 147
855  64 156
856 156 153
